start=48.239792
volume=60.000000
