start=1329.733000
volume=115.000000
