start=544.040000
volume=130.000000
