start=3.139000
volume=90.000000
