start=763.012000
volume=80.000000
fullscreen=yes
