start=147.514033
volume=70.000000
