start=759.325233
volume=50.000000
fullscreen=yes
