start=212.700000
volume=80.000000
