start=38.000000
speed=1.210000
pause=yes
