start=122.315509
pause=yes
volume=110.000000
