start=1564.866667
volume-restore-data=alsa:71.428574:71.428574:0
aid=1
