start=68.167000
volume=80.000000
fullscreen=yes
