start=363.488122
volume=130.000000
