start=95.795700
volume=120.000000
