start=132.680000
speed=1.000180
fullscreen=yes
