start=88.008000
pause=yes
volume=85.000000
