start=1347.680000
sub-delay=0.400000
