start=80.567000
speed=1.210000
fullscreen=yes
